733
30133.3333 57633.3333
30166.6667 57100.0000
30233.3333 57583.3333
30250.0000 56850.0000
30250.0000 56950.0000
30250.0000 57583.3333
30300.0000 56966.6667
30316.6667 56816.6667
30400.0000 56466.6667
30400.0000 56783.3333
30433.3333 57433.3333
30466.6667 56550.0000
30483.3333 56516.6667
30500.0000 56450.0000
30500.0000 56666.6667
30550.0000 57866.6667
30566.6667 56883.3333
30600.0000 57683.3333
30616.6667 56900.0000
30633.3333 56166.6667
30683.3333 57033.3333
30683.3333 57516.6667
30716.6667 56600.0000
30733.3333 56733.3333
30733.3333 57316.6667
30750.0000 56750.0000
30783.3333 57783.3333
30833.3333 56750.0000
30866.6667 56366.6667
30900.0000 55516.6667
30916.6667 56300.0000
30933.3333 55483.3333
30933.3333 55550.0000
30950.0000 56650.0000
30966.6667 55550.0000
30966.6667 57533.3333
31000.0000 55683.3333
31000.0000 56250.0000
31016.6667 56566.6667
31033.3333 56600.0000
31033.3333 56883.3333
31083.3333 56016.6667
31083.3333 56516.6667
31083.3333 57016.6667
31083.3333 57516.6667
31083.3333 57600.0000
31083.3333 57833.3333
31100.0000 55666.6667
31100.0000 55983.3333
31100.0000 57016.6667
31116.6667 56466.6667
31166.6667 55750.0000
31166.6667 57000.0000
31166.6667 57083.3333
31183.3333 56283.3333
31183.3333 56933.3333
31200.0000 55750.0000
31200.0000 57233.3333
31216.6667 55666.6667
31216.6667 56316.6667
31233.3333 55633.3333
31233.3333 55883.3333
31233.3333 57116.6667
31250.0000 55333.3333
31250.0000 55950.0000
31250.0000 56833.3333
31250.0000 57166.6667
31250.0000 57200.0000
31283.3333 56433.3333
31300.0000 55866.6667
31300.0000 56016.6667
31300.0000 57066.6667
31300.0000 57100.0000
31300.0000 57133.3333
31300.0000 57150.0000
31300.0000 57200.0000
31300.0000 57700.0000
31316.6667 55200.0000
31333.3333 57800.0000
31333.3333 57833.3333
31333.3333 57883.3333
31350.0000 55383.3333
31350.0000 56633.3333
31350.0000 57783.3333
31350.0000 57800.0000
31350.0000 57983.3333
31366.6667 55083.3333
31366.6667 55666.6667
31366.6667 55850.0000
31383.3333 55866.6667
31383.3333 57966.6667
31400.0000 56366.6667
31400.0000 57783.3333
31416.6667 54916.6667
31416.6667 56683.3333
31433.3333 55233.3333
31450.0000 55416.6667
31450.0000 56383.3333
31466.6667 55166.6667
31466.6667 56833.3333
31483.3333 54833.3333
31500.0000 54716.6667
31500.0000 55166.6667
31500.0000 56033.3333
31500.0000 57116.6667
31516.6667 54966.6667
31516.6667 55766.6667
31516.6667 55966.6667
31516.6667 57533.3333
31516.6667 57583.3333
31533.3333 55583.3333
31533.3333 55833.3333
31533.3333 56050.0000
31550.0000 55550.0000
31550.0000 57950.0000
31566.6667 54550.0000
31583.3333 55466.6667
31583.3333 57616.6667
31600.0000 55850.0000
31600.0000 56750.0000
31616.6667 56816.6667
31633.3333 55000.0000
31633.3333 56916.6667
31650.0000 56833.3333
31666.6667 56166.6667
31666.6667 56633.3333
31666.6667 57916.6667
31683.3333 54650.0000
31683.3333 54766.6667
31683.3333 55433.3333
31683.3333 55950.0000
31683.3333 56133.3333
31683.3333 57683.3333
31700.0000 56100.0000
31716.6667 55333.3333
31733.3333 54416.6667
31733.3333 55983.3333
31750.0000 55016.6667
31750.0000 55466.6667
31750.0000 56066.6667
31766.6667 54800.0000
31766.6667 56016.6667
31766.6667 56250.0000
31783.3333 54333.3333
31783.3333 54750.0000
31783.3333 55150.0000
31783.3333 56250.0000
31800.0000 54716.6667
31800.0000 55333.3333
31800.0000 55700.0000
31800.0000 56133.3333
31816.6667 54666.6667
31816.6667 55183.3333
31816.6667 55216.6667
31816.6667 55500.0000
31816.6667 55916.6667
31816.6667 55966.6667
31833.3333 54166.6667
31833.3333 55766.6667
31833.3333 55933.3333
31833.3333 55983.3333
31833.3333 57250.0000
31850.0000 56000.0000
31866.6667 54200.0000
31866.6667 57283.3333
31883.3333 55433.3333
31883.3333 55966.6667
31883.3333 56000.0000
31883.3333 57333.3333
31883.3333 57483.3333
31883.3333 57516.6667
31900.0000 54150.0000
31900.0000 54783.3333
31900.0000 55133.3333
31900.0000 55466.6667
31900.0000 55883.3333
31916.6667 54733.3333
31916.6667 55933.3333
31916.6667 56016.6667
31916.6667 57250.0000
31916.6667 57716.6667
31950.0000 57883.3333
31966.6667 55050.0000
31966.6667 57516.6667
31983.3333 54166.6667
31983.3333 55683.3333
31983.3333 57416.6667
32000.0000 54133.3333
32000.0000 55483.3333
32000.0000 57166.6667
32000.0000 57300.0000
32000.0000 57583.3333
32016.6667 54200.0000
32016.6667 55066.6667
32016.6667 57333.3333
32016.6667 57466.6667
32033.3333 54183.3333
32033.3333 54566.6667
32033.3333 55666.6667
32033.3333 55783.3333
32050.0000 54633.3333
32050.0000 54866.6667
32050.0000 55383.3333
32066.6667 53766.6667
32066.6667 56350.0000
32083.3333 54250.0000
32083.3333 55650.0000
32083.3333 56866.6667
32083.3333 57916.6667
32100.0000 53750.0000
32100.0000 54866.6667
32100.0000 57416.6667
32100.0000 57816.6667
32116.6667 54066.6667
32116.6667 57566.6667
32150.0000 54200.0000
32150.0000 54883.3333
32150.0000 54950.0000
32150.0000 55050.0000
32150.0000 56116.6667
32166.6667 53750.0000
32166.6667 54116.6667
32166.6667 55016.6667
32166.6667 55950.0000
32183.3333 55033.3333
32183.3333 55283.3333
32183.3333 56066.6667
32200.0000 54066.6667
32200.0000 58000.0000
32216.6667 55600.0000
32216.6667 56016.6667
32233.3333 54983.3333
32233.3333 55733.3333
32233.3333 56500.0000
32250.0000 55750.0000
32250.0000 56516.6667
32250.0000 57300.0000
32266.6667 54916.6667
32266.6667 55900.0000
32283.3333 58050.0000
32300.0000 55333.3333
32321.3889 58075.5556
32333.3333 55883.3333
32333.3333 55966.6667
32333.3333 57050.0000
32333.3333 57800.0000
32333.3333 57933.3333
32333.3333 58133.3333
32350.0000 53833.3333
32350.0000 54133.3333
32350.0000 55833.3333
32350.0000 56550.0000
32350.0000 57200.0000
32366.6667 54183.3333
32366.6667 54766.6667
32366.6667 57850.0000
32366.6667 57983.3333
32383.3333 54350.0000
32383.3333 54666.6667
32383.3333 55066.6667
32383.3333 56683.3333
32383.3333 57500.0000
32383.3333 57600.0000
32400.0000 55350.0000
32400.0000 56716.6667
32400.0000 56900.0000
32416.6667 56166.6667
32416.6667 56333.3333
32416.6667 57383.3333
32416.6667 57583.3333
32416.6667 58150.0000
32433.3333 56350.0000
32450.0000 55033.3333
32450.0000 56033.3333
32466.6667 54316.6667
32466.6667 55233.3333
32466.6667 56166.6667
32483.3333 53516.6667
32483.3333 53716.6667
32483.3333 56350.0000
32483.3333 57750.0000
32500.0000 54016.6667
32500.0000 54416.6667
32500.0000 56033.3333
32516.6667 53483.3333
32516.6667 54533.3333
32516.6667 54583.3333
32516.6667 54683.3333
32516.6667 57750.0000
32533.3333 54566.6667
32533.3333 55500.0000
32533.3333 57133.3333
32566.6667 53416.6667
32566.6667 56883.3333
32566.6667 57366.6667
32566.6667 57483.3333
32583.3333 53383.3333
32600.0000 55583.3333
32616.6667 54600.0000
32616.6667 55833.3333
32616.6667 56483.3333
32633.3333 53300.0000
32633.3333 53900.0000
32633.3333 55116.6667
32633.3333 56350.0000
32633.3333 56750.0000
32650.0000 54250.0000
32650.0000 54450.0000
32666.6667 53616.6667
32666.6667 55450.0000
32683.3333 54633.3333
32683.3333 56883.3333
32683.3333 57633.3333
32683.3333 58133.3333
32700.0000 53966.6667
32716.6667 55600.0000
32716.6667 57466.6667
32750.0000 53483.3333
32750.0000 53733.3333
32750.0000 54400.0000
32750.0000 55650.0000
32750.0000 57750.0000
32766.6667 55433.3333
32766.6667 55633.3333
32766.6667 57783.3333
32766.6667 57883.3333
32783.3333 53833.3333
32783.3333 55900.0000
32800.0000 55800.0000
32800.0000 56416.6667
32800.0000 57050.0000
32816.6667 56516.6667
32833.3333 54766.6667
32833.3333 55483.3333
32833.3333 56183.3333
32833.3333 56433.3333
32833.3333 57716.6667
32850.0000 57683.3333
32866.6667 55916.6667
32866.6667 56466.6667
32883.3333 55416.6667
32883.3333 55516.6667
32883.3333 56800.0000
32900.0000 55233.3333
32900.0000 56083.3333
32900.0000 56133.3333
32916.6667 54966.6667
32916.6667 57733.3333
32933.3333 53950.0000
32933.3333 54266.6667
32933.3333 55516.6667
32933.3333 57116.6667
32933.3333 57650.0000
32950.0000 54216.6667
32966.6667 55400.0000
32983.3333 54583.3333
32983.3333 58050.0000
33000.0000 53633.3333
33000.0000 55133.3333
33000.0000 55783.3333
33016.6667 53700.0000
33016.6667 53950.0000
33016.6667 55050.0000
33016.6667 56483.3333
33033.3333 57000.0000
33050.0000 54066.6667
33050.0000 54150.0000
33050.0000 56483.3333
33066.6667 55850.0000
33083.3333 55966.6667
33083.3333 56183.3333
33083.3333 57433.3333
33100.0000 55133.3333
33100.0000 57633.3333
33100.0000 57733.3333
33116.6667 54816.6667
33116.6667 54833.3333
33116.6667 55983.3333
33132.5000 58295.5556
33133.3333 54933.3333
33133.3333 57150.0000
33150.0000 54150.0000
33166.6667 54966.6667
33166.6667 57583.3333
33183.3333 53900.0000
33183.3333 55700.0000
33183.3333 57466.6667
33200.0000 53800.0000
33200.0000 54750.0000
33200.0000 56783.3333
33216.6667 54383.3333
33216.6667 56683.3333
33233.3333 53850.0000
33233.3333 54383.3333
33233.3333 57133.3333
33250.0000 53900.0000
33250.0000 53916.6667
33250.0000 54016.6667
33250.0000 54333.3333
33250.0000 56016.6667
33250.0000 57333.3333
33255.8333 58019.1667
33266.6667 53783.3333
33266.6667 54416.6667
33266.6667 55100.0000
33266.6667 55116.6667
33283.3333 53933.3333
33300.0000 56350.0000
33333.3333 54783.3333
33333.3333 56466.6667
33333.3333 56933.3333
33333.3333 57950.0000
33350.0000 55616.6667
33350.0000 55633.3333
33366.6667 53666.6667
33366.6667 56483.3333
33383.3333 55083.3333
33383.3333 56416.6667
33383.3333 57550.0000
33400.0000 54683.3333
33400.0000 58316.6667
33413.0556 56500.5556
33416.6667 55633.3333
33416.6667 57066.6667
33450.0000 54533.3333
33450.0000 57733.3333
33466.6667 54200.0000
33466.6667 54650.0000
33466.6667 54666.6667
33466.6667 55116.6667
33466.6667 55200.0000
33466.6667 55616.6667
33483.3333 55150.0000
33483.3333 55566.6667
33483.3333 56150.0000
33483.3333 56483.3333
33500.0000 55216.6667
33500.0000 56750.0000
33500.0000 56866.6667
33516.6667 53783.3333
33516.6667 54916.6667
33516.6667 56400.0000
33516.6667 57833.3333
33533.3333 54433.3333
33533.3333 54600.0000
33533.3333 56900.0000
33533.3333 56933.3333
33538.8889 56888.6111
33544.1667 58197.2222
33550.0000 55666.6667
33550.0000 56900.0000
33566.6667 53850.0000
33583.3333 57300.0000
33583.3333 57583.3333
33583.3333 58083.3333
33600.0000 54316.6667
33600.0000 55333.3333
33600.0000 56350.0000
33600.0000 57133.3333
33600.0000 57983.3333
33616.6667 53716.6667
33616.6667 57633.3333
33616.6667 58283.3333
33650.0000 53800.0000
33650.0000 57533.3333
33666.6667 54200.0000
33683.3333 53450.0000
33683.3333 53550.0000
33683.3333 54650.0000
33683.3333 57566.6667
33716.6667 54533.3333
33716.6667 58083.3333
33716.6667 58266.6667
33733.3333 54750.0000
33733.3333 56333.3333
33733.3333 57833.3333
33750.0000 55283.3333
33750.0000 56466.6667
33750.0000 57483.3333
33750.0000 57616.6667
33766.6667 58350.0000
33800.0000 54000.0000
33800.0000 58250.0000
33816.6667 55550.0000
33816.6667 57550.0000
33833.3333 56300.0000
33850.0000 55166.6667
33850.0000 56883.3333
33850.0000 57016.6667
33850.0000 57683.3333
33866.6667 55550.0000
33866.6667 57000.0000
33866.6667 57516.6667
33866.6667 57616.6667
33883.3333 53500.0000
33883.3333 54716.6667
33883.3333 56450.0000
33883.3333 57383.3333
33883.3333 57400.0000
33883.3333 57666.6667
33883.3333 58416.6667
33900.0000 55150.0000
33900.0000 56833.3333
33916.6667 57783.3333
33933.3333 55266.6667
33933.3333 55683.3333
33933.3333 56250.0000
33933.3333 57466.6667
33933.3333 58166.6667
33950.0000 55850.0000
33950.0000 56750.0000
33950.0000 57900.0000
33950.0000 58233.3333
33966.6667 57100.0000
33966.6667 58283.3333
33983.3333 53983.3333
33983.3333 57900.0000
33983.3333 58150.0000
33983.3333 58250.0000
33989.1667 58285.5556
34000.0000 55666.6667
34000.0000 58250.0000
34016.6667 57650.0000
34033.3333 54283.3333
34033.3333 55650.0000
34033.3333 57833.3333
34033.3333 58133.3333
34050.0000 54783.3333
34050.0000 55883.3333
34050.0000 56200.0000
34066.6667 53933.3333
34066.6667 54500.0000
34066.6667 56300.0000
34066.6667 56383.3333
34066.6667 57350.0000
34066.6667 57716.6667
34083.3333 57383.3333
34095.5556 56214.1667
34100.0000 58000.0000
34116.6667 53950.0000
34133.3333 56400.0000
34150.0000 56950.0000
34152.2222 58012.5000
34153.0556 58176.6667
34166.6667 53833.3333
34166.6667 53850.0000
34166.6667 54666.6667
34166.6667 56683.3333
34183.3333 53783.3333
34183.3333 55733.3333
34183.3333 57933.3333
34189.1667 56339.4444
34200.0000 53933.3333
34200.0000 54750.0000
34200.0000 56216.6667
34200.0000 56983.3333
34200.0000 57100.0000
34200.0000 57783.3333
34200.0000 57866.6667
34216.6667 57000.0000
34233.3333 55733.3333
34233.3333 56866.6667
34250.0000 55933.3333
34250.0000 56683.3333
34266.6667 53933.3333
34266.6667 54316.6667
34266.6667 57450.0000
34283.3333 54983.3333
34283.3333 55233.3333
34283.3333 56216.6667
34283.3333 56916.6667
34283.3333 57616.6667
34290.5556 56388.8889
34300.0000 55966.6667
34300.0000 57233.3333
34300.0000 57733.3333
34316.6667 56800.0000
34316.6667 57000.0000
34316.6667 57216.6667
34316.6667 57350.0000
34319.1667 56805.2778
34333.3333 55450.0000
34333.3333 55650.0000
34333.3333 57233.3333
34333.3333 57716.6667
34337.5000 56713.6111
34350.0000 55766.6667
34350.0000 56650.0000
34350.0000 57300.0000
34350.0000 57433.3333
34350.0000 57850.0000
34351.6667 56398.3333
34366.6667 53766.6667
34366.6667 53833.3333
34366.6667 54066.6667
34366.6667 55166.6667
34366.6667 55516.6667
34366.6667 55783.3333
34366.6667 56400.0000
34366.6667 57050.0000
34366.6667 57066.6667
34366.6667 57566.6667
34370.0000 55225.0000
34382.7778 56541.6667
34383.3333 56283.3333
34383.3333 56383.3333
34383.3333 56766.6667
34400.0000 53783.3333
34400.0000 56333.3333
34400.0000 56533.3333
34400.0000 57166.6667
34400.0000 57333.3333
34400.0000 57666.6667
34400.0000 57883.3333
34411.6667 56402.2222
34416.6667 56466.6667
34416.6667 57283.3333
34416.6667 57733.3333
34419.7222 56422.5000
34433.3333 55983.3333
34433.3333 57416.6667
34433.3333 57716.6667
34433.3333 57883.3333
34442.2222 56443.6111
34449.7222 56079.1667
34450.0000 55783.3333
34450.0000 56166.6667
34450.0000 56250.0000
34450.0000 56283.3333
34450.0000 57600.0000
34453.3333 56390.5556
34466.6667 57716.6667
34466.6667 57850.0000
34483.3333 54333.3333
34483.3333 55633.3333
34483.3333 55650.0000
34483.3333 56850.0000
34497.5000 56037.2222
34500.0000 55583.3333
34500.0000 56383.3333
34516.6667 55250.0000
34519.7222 56798.8889
34521.9444 56393.6111
34522.7778 56277.7778
34533.3333 56300.0000
34533.3333 56316.6667
34550.0000 55883.3333
34566.6667 55700.0000
34583.3333 55833.3333
34583.8889 56699.4444
34589.4444 56252.7778
34600.0000 54550.0000
34600.0000 55483.3333
34600.0000 56133.3333
34605.0000 56356.3889
34633.3333 55616.6667
34633.3333 55966.6667
34633.3333 56333.3333
34633.3333 56619.1667
34646.9444 56062.7778
34650.0000 55233.3333
34650.0000 55866.6667
34650.0000 56600.0000
34650.0000 56716.6667
34650.0000 56750.0000
34665.0000 56219.4444
34666.6667 54166.6667
34666.6667 55266.6667
34666.6667 56000.0000
34683.3333 55683.3333
34683.3333 56733.3333
34698.3333 56217.5000
34700.0000 55900.0000
34715.2778 56073.3333
34716.6667 55416.6667
34716.6667 55533.3333
34716.6667 55950.0000
34726.3889 56220.0000
34733.3333 55266.6667
34733.3333 55716.6667
34733.6111 56036.6667
34742.2222 56098.3333
34750.0000 55333.3333
34750.0000 55683.3333
34761.6667 56223.6111
34762.5000 56020.5556
34763.3333 56385.2778
34764.1667 56213.8889
34766.6667 55750.0000
34781.1111 56053.3333
34790.2778 56350.0000
34800.0000 54916.6667
34800.0000 55233.3333
34800.0000 55366.6667
34800.0000 56216.6667
34800.0000 56233.3333
34801.6667 56334.1667
34803.0556 56085.8333
34813.0556 56044.7222
34816.6667 56100.0000
34816.6667 56183.3333
34828.6111 56139.4444
34833.3333 56116.6667
34833.3333 56216.6667
34833.3333 56233.3333
34850.0000 56083.3333
34850.0000 56116.6667
34850.0000 56216.6667
34850.0000 56233.3333
34858.0556 56170.8333
34860.2778 56052.2222
34866.6667 54866.6667
34866.6667 56166.6667
34870.5556 56133.6111
34875.0000 56258.8889
34877.2222 56029.7222
34883.3333 56150.0000
34883.3333 56183.3333
34883.3333 56200.0000
34883.3333 56216.6667
34883.3333 56233.3333
34885.2778 56060.5556
34900.0000 54950.0000
34900.0000 55283.3333
34900.0000 56100.0000
34900.0000 56133.3333
34900.0000 56150.0000
34900.0000 56183.3333
34905.0000 56168.3333
34905.2778 56194.4444
34908.3333 56208.3333
34909.7222 56152.2222
34922.7778 56159.7222
34966.6667 54950.0000